70
318
200
4
0
0
248
405
10
6
0
1
0
0
0
1
0
0
1
19
8
2
0
0
0
1
0
0
0
1
5
392
405
10
12
0
1
0
0
0
1
0
0
1
19
8
2
0
0
0
1
0
0
0
1
5
248
453
8
6
0
1
0
0
0
1
0
0
1
19
8
2
0
0
0
1
0
0
0
1
5
307
440
9
8
0
0
1
0
0
0
1
0
1
19
8
2
0
0
0
1
0
0
0
1
5
1
1
1
1
1
1
1
1
1
1
1
1
1
1
1
1
1
1
1
1
0
0
0
0
0
0
0
0
1
0
0
0
0
0
0
0
0
1
1
0
1
1
0
1
1
1
0
1
0
1
1
1
0
1
1
0
1
1
0
0
0
0
0
0
0
0
0
0
0
0
0
0
0
0
0
1
1
0
1
1
0
1
0
1
1
1
1
1
0
1
0
1
1
0
1
1
0
0
0
0
1
0
0
0
1
0
0
0
1
0
0
0
0
1
1
1
1
1
0
1
1
1
0
1
0
1
1
1
0
1
1
1
1
1
0
0
0
0
1
0
0
0
0
0
0
0
1
0
0
0
0
1
1
0
1
1
0
1
0
0
0
0
0
0
0
1
0
1
1
0
1
1
0
0
0
0
0
0
1
0
0
0
1
0
0
0
0
0
0
1
1
0
1
1
0
1
0
1
1
1
1
1
0
1
0
1
1
0
1
1
0
0
0
0
0
0
0
0
0
0
0
0
0
0
0
0
0
1
1
0
1
1
0
1
0
1
0
1
0
1
0
1
0
1
1
0
1
1
0
0
0
0
0
0
0
0
1
0
0
0
0
0
0
0
0
1
1
0
1
1
0
1
1
1
0
1
0
1
1
1
0
1
1
0
1
1
0
0
1
0
0
0
0
0
0
0
0
0
0
0
1
0
0
1
1
1
0
1
0
1
0
1
1
1
1
1
0
1
0
1
0
1
1
1
0
0
0
0
1
0
0
0
1
0
0
0
1
0
0
0
0
1
1
0
0
1
1
1
1
1
0
1
0
1
1
1
1
1
0
0
1
1
1
1
1
1
1
1
1
1
0
0
0
0
0
0
0
0
0
1
1
1
1
1
1
1
1
1
1
1
1
1
1
1
1
1
1
1
1
0
0
0
0
0
0
0
0
0
0
0
0
0
0
3
asd
