160
512
200
4
0
0
319
296
15
8
0
0
1
0
0
0
1
0
1
19
17
2
0
0
0
1
0
0
0
1
61
511
344
13
16
0
0
1
0
0
0
1
0
1
19
17
2
0
0
0
1
0
0
0
1
61
367
392
11
10
0
0
1
0
0
0
1
0
1
19
17
2
0
0
0
1
0
0
0
1
61
391
536
5
11
0
0
1
0
0
0
1
0
1
19
17
2
0
0
0
1
0
0
0
1
61
1
1
1
1
1
1
1
1
1
1
1
1
1
1
1
1
1
1
1
1
0
0
0
0
0
0
0
0
1
0
0
0
0
0
0
0
0
1
1
0
1
1
0
1
1
1
0
1
0
1
1
1
0
1
1
0
1
1
0
0
0
0
0
0
0
0
0
0
0
0
0
0
0
0
0
1
1
0
1
1
0
1
0
1
1
1
1
1
0
1
0
1
1
0
1
1
0
0
0
0
1
0
0
0
1
0
0
0
1
0
0
0
0
1
1
1
1
1
0
1
1
1
0
1
0
1
1
1
0
1
1
1
1
1
0
0
0
0
1
0
0
0
0
0
0
0
1
0
0
0
0
1
1
0
1
1
0
1
0
0
0
0
0
0
0
1
0
1
1
0
1
1
0
0
0
0
0
0
1
0
0
0
1
0
0
0
0
0
0
1
1
0
1
1
0
1
0
1
1
1
1
1
0
1
0
1
1
0
1
1
0
0
0
0
0
0
0
0
0
0
0
0
0
0
0
0
0
1
1
0
1
1
0
1
0
1
0
1
0
1
0
1
0
1
1
0
1
1
0
0
0
0
0
0
0
0
1
0
0
0
0
0
0
0
0
1
1
0
1
1
0
1
1
1
0
1
0
1
1
1
0
1
1
0
1
1
0
0
1
0
0
0
0
0
0
0
0
0
0
0
1
0
0
1
1
1
0
1
0
1
0
1
1
1
1
1
0
1
0
1
0
1
1
1
0
0
0
0
1
0
0
0
1
0
0
0
1
0
0
0
0
1
1
0
0
1
1
1
1
1
0
1
0
1
1
1
1
1
0
0
1
1
1
1
1
1
1
1
1
1
1
1
1
1
1
1
1
1
1
1
1
1
1
1
1
1
1
1
1
1
1
1
1
1
1
1
1
1
1
0
0
0
0
0
0
0
0
0
0
0
0
0
0
3
Rakib
